2	146	76	35	194	38.2	0.329	29	0
1	120	80	48	200	38.9	1.162	41	0
8	126	88	36	108	38.5	0.349	49	0
0	126	86	27	120	27.4	0.515	21	0
5	88	66	21	23	24.4	0.342	30	0
1	131	64	14	415	23.7	0.389	21	0
3	100	68	23	81	31.6	0.949	28	0
7	136	74	26	135	26.0	0.647	51	0
1	71	48	18	76	20.4	0.323	22	0
0	117	80	31	53	45.2	0.089	24	0
1	88	78	29	76	32.0	0.365	29	0
2	110	74	29	125	32.4	0.698	27	0
2	88	58	26	16	28.4	0.766	22	0
4	84	90	23	56	39.5	0.159	25	0
2	82	52	22	115	28.5	1.699	25	0
9	134	74	33	60	25.9	0.460	81	0
2	108	52	26	63	32.5	0.318	22	0
1	121	78	39	74	39.0	0.261	28	0
13	153	88	37	140	40.6	1.174	39	0
2	112	86	42	160	38.4	0.246	28	0
1	193	50	16	375	25.9	0.655	24	0
1	109	56	21	135	25.2	0.833	23	0
2	83	65	28	66	36.8	0.629	24	0
1	99	72	30	18	38.6	0.412	21	0
6	98	58	33	190	34.0	0.430	43	0
1	77	56	30	56	33.3	1.251	24	0
5	187	76	27	207	43.6	1.034	53	1
1	189	60	23	846	30.1	0.398	59	1
7	97	76	32	91	40.9	0.871	32	1
8	176	90	34	300	33.7	0.467	58	1
7	160	54	32	175	30.5	0.588	39	1
0	104	64	37	64	33.6	0.510	22	1
1	125	50	40	167	33.3	0.962	28	1
12	92	62	7	258	27.6	0.926	44	1
5	144	82	26	285	32.0	0.452	58	1
0	129	110	46	130	67.1	0.319	26	1
7	181	84	21	192	35.9	0.586	51	1
1	95	82	25	180	35.0	0.233	43	1
2	100	66	20	90	32.9	0.867	28	1
