1	97	66	15	140	23.2	0.487	22	0
0	139	62	17	210	22.1	0.207	21	0
1	84	64	23	115	36.9	0.471	28	0
1	116	78	29	180	36.1	0.496	25	0
0	102	64	46	78	40.6	0.496	21	0
0	127	80	37	210	36.3	0.804	23	0
1	143	74	22	61	26.2	0.256	21	0
1	95	74	21	73	25.9	0.673	36	0
1	81	72	18	40	26.6	0.283	24	0
1	100	72	12	70	25.3	0.658	28	0
9	123	70	44	94	33.1	0.374	40	0
2	95	54	14	88	26.1	0.748	22	0
3	116	74	15	105	26.3	0.107	24	0
1	119	44	47	63	35.5	0.280	25	0
6	123	72	45	230	33.6	0.733	34	0
2	101	58	35	90	21.8	0.155	22	0
2	101	58	17	265	24.2	0.614	23	0
2	81	72	15	76	30.1	0.547	25	0
2	56	56	28	45	24.2	0.332	22	0
0	134	58	20	291	26.4	0.352	21	0
2	68	70	32	66	25.0	0.187	25	0
1	107	72	30	82	30.8	0.821	24	0
0	78	88	29	40	36.9	0.434	21	0
1	90	62	12	43	27.2	0.580	24	0
1	140	74	26	180	24.1	0.828	23	0
0	124	56	13	105	21.8	0.452	21	0
2	98	60	17	120	34.7	0.198	22	0
1	167	74	17	144	23.4	0.447	33	1
1	172	68	49	579	42.4	0.702	28	1
7	150	78	29	126	35.2	0.692	54	1
8	181	68	36	495	30.1	0.615	60	1
3	173	82	48	465	38.4	2.137	25	1
1	196	76	36	249	36.5	0.875	29	1
8	100	74	40	215	39.4	0.661	43	1
4	125	70	18	122	28.9	1.144	45	1
10	125	70	26	115	31.1	0.205	41	1
2	174	88	37	120	44.5	0.646	24	1
11	143	94	33	146	36.6	0.254	51	1
5	158	84	41	210	39.4	0.395	29	1
1	149	68	29	127	29.3	0.349	42	1
