6	105	70	32	68	30.8	0.122	37	0
1	111	62	13	182	24.0	0.138	23	0
3	81	86	16	66	27.5	0.306	22	0
3	88	58	11	54	24.8	0.267	22	0
2	157	74	35	440	39.4	0.134	30	0
1	118	58	36	94	33.3	0.261	23	0
1	130	70	13	105	25.9	0.472	22	0
1	139	62	41	480	40.7	0.536	21	0
2	117	90	19	71	25.2	0.313	21	0
5	117	86	30	105	39.1	0.251	42	0
5	139	64	35	140	28.6	0.411	26	0
4	154	72	29	126	31.3	0.338	37	0
0	84	82	31	125	38.2	0.233	23	0
2	129	74	26	205	33.2	0.591	25	0
5	105	72	29	325	36.9	0.159	28	0
0	74	52	10	36	27.8	0.269	22	0
5	99	54	28	83	34.0	0.499	30	0
4	90	88	47	54	37.7	0.362	29	0
9	120	72	22	56	20.8	0.733	48	0
1	96	64	27	87	33.2	0.289	21	0
6	103	72	32	190	37.7	0.324	55	0
13	145	82	19	110	22.2	0.245	57	0
2	142	82	18	64	24.7	0.761	21	0
2	125	60	20	140	33.8	0.088	31	0
4	131	68	21	166	33.1	0.160	28	0
1	95	60	18	58	23.9	0.260	22	0
5	136	84	41	88	35.0	0.286	35	1
0	137	40	35	168	43.1	2.288	33	1
2	93	64	32	160	38.0	0.674	23	1
3	169	74	19	125	29.9	0.268	31	1
2	124	68	28	205	32.9	0.875	30	1
4	173	70	14	168	29.7	0.361	33	1
11	120	80	37	150	42.3	0.785	48	1
7	195	70	33	145	25.1	0.163	55	1
6	134	80	37	370	46.2	0.238	46	1
3	129	64	29	115	26.4	0.219	28	1
1	88	30	42	99	55.0	0.496	26	1
2	155	52	27	540	38.7	0.240	25	1
7	187	68	39	304	37.7	0.254	41	1
