2	106	64	35	119	30.5	1.400	34	0
3	106	54	21	158	30.9	0.292	24	0
4	147	74	25	293	34.9	0.385	30	0
2	107	74	30	100	33.6	0.404	23	0
1	86	66	52	65	41.3	0.917	29	0
1	87	78	27	32	34.6	0.101	22	0
12	88	74	40	54	35.3	0.378	48	0
1	79	80	25	37	25.4	0.583	22	0
5	77	82	41	42	35.8	0.156	35	0
2	112	78	50	140	39.4	0.175	24	0
1	125	70	24	110	24.3	0.221	25	0
0	165	76	43	255	47.9	0.259	26	0
4	91	70	32	88	33.1	0.446	22	0
0	104	64	23	116	27.8	0.454	23	0
0	126	84	29	215	30.7	0.520	24	0
4	146	85	27	100	28.9	0.189	27	0
3	96	56	34	115	24.7	0.944	39	0
1	95	66	13	38	19.6	0.334	25	0
6	92	62	32	126	32.0	0.085	46	0
0	98	82	15	84	25.2	0.299	22	0
1	81	74	41	57	46.3	1.096	32	0
6	108	44	20	130	24.0	0.813	35	0
1	109	58	18	116	28.5	0.219	22	0
4	154	62	31	284	32.8	0.237	23	0
0	93	60	25	92	28.7	0.532	22	0
1	100	66	29	196	32.0	0.444	42	0
0	181	88	44	510	43.3	0.222	26	1
15	136	70	32	110	37.1	0.153	43	1
8	151	78	32	210	42.9	0.516	36	1
0	179	50	36	159	37.8	0.455	22	1
11	136	84	35	130	28.3	0.260	42	1
3	158	76	36	245	31.6	0.851	28	1
9	152	78	34	171	34.2	0.893	33	1
10	148	84	48	237	37.6	1.001	51	1
9	145	88	34	165	30.3	0.771	53	1
1	119	86	39	220	45.6	0.808	29	1
2	105	80	45	191	33.7	0.711	29	1
3	129	92	49	155	36.4	0.968	32	1
10	161	68	23	132	25.5	0.326	47	1
