1	89	66	23	94	28.1	0.167	21	0
2	100	54	28	105	37.8	0.498	24	0
1	109	60	8	182	25.4	0.947	21	0
0	165	90	33	680	52.3	0.427	23	0
0	95	80	45	92	36.5	0.330	26	0
0	120	74	18	63	30.5	0.285	26	0
3	102	44	20	94	30.8	0.400	26	0
2	120	76	37	105	39.7	0.215	29	0
1	89	76	34	37	31.2	0.192	23	0
2	122	60	18	106	29.8	0.717	22	0
2	123	48	32	165	42.1	0.520	26	0
4	117	64	27	120	33.2	0.230	24	0
7	124	70	33	215	25.5	0.161	37	0
3	83	58	31	18	34.3	0.336	25	0
1	97	64	19	82	18.2	0.299	21	0
6	144	72	27	228	33.9	0.255	40	0
4	129	60	12	231	27.5	0.527	31	0
7	94	64	25	79	33.3	0.738	41	0
6	129	90	7	326	19.6	0.582	60	0
1	119	88	41	170	45.3	0.507	26	0
6	125	68	30	120	30.0	0.464	32	0
0	91	68	32	210	39.9	0.381	25	0
0	100	70	26	50	30.8	0.597	21	0
3	191	68	15	130	30.9	0.299	34	0
1	119	54	13	50	22.3	0.205	24	0
6	93	50	30	64	28.7	0.356	23	0
3	120	70	30	135	42.9	0.452	30	0
3	107	62	13	48	22.9	0.678	23	1
5	139	80	35	160	31.6	0.361	25	1
0	138	60	35	167	34.6	0.534	21	1
1	117	88	24	145	34.5	0.403	40	1
8	167	106	46	231	37.6	0.165	43	1
5	166	72	19	175	25.8	0.587	51	1
2	155	74	17	96	26.6	0.433	27	1
8	186	90	35	225	34.5	0.423	37	1
4	111	72	47	207	37.1	1.390	56	1
1	133	102	28	140	32.8	0.234	45	1
8	196	76	29	280	37.5	0.605	57	1
0	188	82	14	185	32.0	0.682	22	1
2	146	70	38	360	28.0	0.337	29	1
