1	87	60	37	75	37.2	0.509	22	0
3	158	64	13	387	31.2	0.295	24	0
3	113	50	10	85	29.5	0.626	25	0
1	153	82	42	485	40.6	0.687	23	0
3	115	66	39	140	38.1	0.150	28	0
0	137	68	14	148	24.8	0.143	21	0
1	139	46	19	83	28.7	0.654	22	0
2	108	62	32	56	25.2	0.128	21	0
1	87	68	34	77	37.6	0.401	24	0
9	124	70	33	402	35.4	0.282	34	0
1	164	82	43	67	32.8	0.341	50	0
5	121	72	23	112	26.2	0.245	30	0
1	88	62	24	44	29.9	0.422	23	0
2	75	64	24	55	29.7	0.370	33	0
0	152	82	39	272	41.5	0.270	27	0
1	130	60	23	170	28.6	0.692	21	0
0	118	64	23	89	0.0	1.731	21	0
6	165	68	26	168	33.6	0.631	49	0
0	119	64	18	92	34.9	0.725	23	0
4	129	86	20	270	35.1	0.231	23	0
0	135	94	46	145	40.6	0.284	26	0
1	157	72	21	168	25.6	0.123	24	0
5	96	74	18	67	33.6	0.997	43	0
3	123	100	35	240	57.3	0.880	22	0
0	84	64	22	66	35.8	0.545	21	0
3	126	88	41	235	39.3	0.704	27	0
4	184	78	39	277	37.0	0.264	31	1
3	173	78	39	185	33.8	0.970	31	1
2	144	58	33	135	31.6	0.422	25	1
0	180	90	26	90	36.5	0.314	35	1
8	155	62	26	495	34.0	0.543	46	1
1	128	88	39	110	36.5	1.057	37	1
6	134	70	23	130	35.4	0.542	29	1
2	128	78	37	182	43.3	1.224	31	1
1	181	78	42	293	40.0	1.258	22	1
3	171	72	33	135	33.3	0.199	24	1
0	107	62	30	74	36.6	0.757	25	1
3	187	70	22	200	36.4	0.408	36	1
1	181	64	30	180	34.1	0.328	38	1
