2	99	70	16	44	20.4	0.235	27	0
5	108	72	43	75	36.1	0.263	33	0
1	103	30	38	83	43.3	0.183	33	0
1	92	62	25	41	19.5	0.482	25	0
4	127	88	11	155	34.5	0.598	28	0
2	105	58	40	94	34.9	0.225	25	0
1	100	74	12	46	19.5	0.149	28	0
4	110	76	20	100	28.4	0.118	27	0
0	95	64	39	105	44.6	0.366	22	0
3	111	90	12	78	28.4	0.495	29	0
3	124	80	33	130	33.2	0.305	26	0
4	103	60	33	192	24.0	0.966	33	0
2	96	68	13	49	21.1	0.647	26	0
4	96	56	17	49	20.8	0.340	26	0
1	91	54	25	100	25.2	0.234	23	0
8	126	74	38	75	25.9	0.162	39	0
3	74	68	28	45	29.7	0.293	23	0
2	90	80	14	55	24.4	0.249	24	0
3	180	64	25	70	34.0	0.271	26	0
1	101	50	15	36	24.2	0.526	26	0
3	99	62	19	74	21.8	0.279	26	0
3	99	80	11	64	19.3	0.284	30	0
2	94	76	18	66	31.6	0.649	23	0
7	133	88	15	155	32.4	0.262	37	0
6	154	74	32	193	29.3	0.839	39	0
10	129	76	28	122	35.9	0.280	39	0
0	102	86	17	105	29.3	0.695	27	0
3	170	64	37	225	34.5	0.356	30	1
17	163	72	41	114	40.9	0.817	47	1
1	122	64	32	156	35.1	0.692	30	1
9	145	80	46	130	37.9	0.637	40	1
3	78	50	32	88	31.0	0.248	26	1
3	80	82	31	70	34.2	1.292	27	1
0	95	85	25	36	37.4	0.247	24	1
4	109	64	44	99	34.8	0.905	26	1
9	112	82	32	175	34.2	0.260	36	1
1	128	48	45	194	40.5	0.613	24	1
8	109	76	39	114	27.9	0.640	31	1
9	156	86	28	155	34.3	1.189	42	1
2	197	70	45	543	30.5	0.158	53	1
