2	94	68	18	76	26.0	0.561	21	0
8	74	70	40	49	35.3	0.705	39	0
0	105	64	41	142	41.5	0.173	22	0
3	111	58	31	44	29.5	0.430	22	0
1	100	66	15	56	23.6	0.666	26	0
2	141	58	34	128	25.4	0.699	24	0
7	102	74	40	105	37.2	0.204	45	0
0	100	88	60	110	46.8	0.962	31	0
4	197	70	39	744	36.7	2.329	31	0
2	83	66	23	50	32.2	0.497	22	0
1	112	72	30	176	34.4	0.528	25	0
1	112	80	45	132	34.8	0.217	24	0
4	144	58	28	140	29.5	0.287	37	0
6	154	78	41	140	46.1	0.571	27	0
1	117	60	23	106	33.8	0.466	27	0
2	68	62	13	15	20.1	0.257	23	0
7	150	66	42	342	34.7	0.718	42	0
7	83	78	26	71	29.3	0.767	36	0
2	112	68	22	94	34.1	0.315	26	0
3	103	72	30	152	27.6	0.730	27	0
1	79	60	42	48	43.5	0.678	23	0
2	106	56	27	165	29.0	0.426	22	0
0	117	66	31	188	30.8	0.493	22	0
4	123	80	15	176	32.0	0.443	34	0
4	85	58	22	49	27.8	0.306	28	0
2	121	70	32	95	39.1	0.886	23	0
7	187	50	33	392	33.9	0.826	34	1
3	174	58	22	194	32.9	0.593	36	1
11	155	76	28	150	33.3	1.353	51	1
4	148	60	27	318	30.9	0.150	29	1
0	140	65	26	130	42.6	0.431	24	1
3	176	86	27	156	33.3	1.154	52	1
6	104	74	18	156	29.9	0.722	41	1
5	109	62	41	129	35.8	0.514	25	1
7	142	90	24	480	30.4	0.128	43	1
0	118	84	47	230	45.8	0.551	31	1
7	129	68	49	125	38.5	0.439	43	1
0	180	78	63	14	59.4	2.420	25	1
8	179	72	42	130	32.7	0.719	36	1
