6	99	60	19	54	26.9	0.497	32	0
12	100	84	33	105	30.0	0.488	46	0
2	127	58	24	275	27.7	1.600	25	0
3	99	54	19	86	25.6	0.154	24	0
6	151	62	31	120	35.5	0.692	28	0
10	68	106	23	49	35.5	0.285	47	0
1	71	78	50	45	33.2	0.422	21	0
1	128	82	17	183	27.5	0.115	22	0
2	127	46	21	335	34.4	0.176	22	0
10	101	76	48	180	32.9	0.171	63	0
2	122	76	27	200	35.9	0.483	26	0
0	93	100	39	72	43.4	1.021	35	0
7	142	60	33	190	28.8	0.687	61	0
1	90	62	18	59	25.1	1.268	25	0
0	114	80	34	285	44.2	0.167	27	0
1	108	60	46	178	35.5	0.415	24	0
9	154	78	30	100	30.9	0.164	45	0
1	114	66	36	200	38.1	0.289	21	0
3	89	74	16	85	30.4	0.551	38	0
5	86	68	28	71	30.2	0.364	24	0
1	106	70	28	135	34.2	0.142	22	0
2	100	68	25	71	38.5	0.324	26	0
7	114	76	17	110	23.8	0.466	31	0
3	84	68	30	106	31.9	0.591	25	0
0	102	78	40	90	34.5	0.238	24	0
1	89	24	19	25	27.8	0.559	21	0
3	158	70	30	328	35.5	0.344	35	1
0	198	66	32	274	41.3	0.502	28	1
0	177	60	29	478	34.6	1.072	21	1
12	151	70	40	271	41.8	0.742	38	1
0	121	66	30	165	34.3	0.203	33	1
14	100	78	25	184	36.6	0.412	46	1
1	144	82	46	180	46.1	0.335	46	1
6	119	50	22	176	27.1	1.318	33	1
0	128	68	19	180	30.5	1.391	25	1
11	138	74	26	144	36.1	0.557	50	1
5	189	64	33	325	31.2	0.583	29	1
3	128	72	25	190	32.4	0.549	27	1
7	168	88	42	321	38.2	0.787	40	1
