7	81	78	40	48	46.7	0.261	42	0
2	99	60	17	160	36.6	0.453	21	0
1	143	86	30	330	30.1	0.892	23	0
2	87	58	16	52	32.7	0.166	25	0
1	143	84	23	310	42.4	1.076	22	0
2	100	70	52	57	40.5	0.677	25	0
1	103	80	11	82	19.4	0.491	22	0
1	136	74	50	204	37.4	0.399	24	0
0	94	70	27	115	43.5	0.347	21	0
2	108	62	10	278	25.3	0.881	22	0
5	123	74	40	77	34.1	0.269	28	0
1	126	56	29	152	28.7	0.801	21	0
4	116	72	12	87	22.1	0.463	37	0
1	82	64	13	95	21.2	0.415	23	0
2	122	52	43	158	36.2	0.816	28	0
4	99	76	15	51	23.2	0.223	21	0
0	106	70	37	148	39.4	0.605	22	0
1	109	38	18	120	23.1	0.407	26	0
5	155	84	44	545	38.7	0.619	34	0
0	173	78	32	265	46.5	1.159	58	0
2	99	52	15	94	24.6	0.637	21	0
0	97	64	36	100	36.8	0.600	25	0
2	88	74	19	53	29.0	0.229	22	0
5	126	78	27	22	29.6	0.439	40	0
1	80	74	11	60	30.0	0.527	22	0
2	84	50	23	76	30.4	0.968	21	0
2	102	86	36	120	45.5	0.127	23	1
9	171	110	24	240	45.4	0.721	54	1
8	124	76	24	600	28.7	0.687	52	1
1	128	98	41	58	32.0	1.321	33	1
12	140	82	43	325	39.2	0.528	58	1
0	135	68	42	250	42.3	0.365	24	1
13	152	90	33	29	26.8	0.731	43	1
0	162	76	56	100	53.2	0.759	25	1
3	130	78	23	79	28.4	0.323	34	1
3	163	70	18	105	31.6	0.268	28	1
1	115	70	30	96	34.6	0.529	32	1
1	122	90	51	220	49.7	0.325	31	1
3	173	84	33	474	35.7	0.258	22	1
